_	1
I	21	 0 94 20 94 40 95 59 95 80 96 100 96
k	102
w	65
I	19	 0 96 20 97 40 97 59 98 80 98 100 98
L	65
w	65
E	41	 0 117 80 109 100 109
L	65
G	65
r	65
a	59	 0 109 80 102 100 102
x	122
w	65
E	41	 0 101 80 94 100 94
r	65
k	102
@	25	 0 94 80 90 100 90
n	115	100 83

_	25
_	1
a	31	 0 95 80 90 100 90
n	70	100 83

d	65
I	21	 0 95 80 91 100 91
t	111
p	90
r	65
o	52	 0 104 26 90 53 83 66 83 80 86 100 86
j	65
E	24	 0 88 20 90 40 92 59 94 80 96 100 96
k	102
t	111
_	150
_	1
m	65
a	37	 0 94 20 94 40 95 59 95 80 96 100 96
r	115	100 88

_	1
I	17	 0 96 20 97 40 97 59 98 80 98 100 98
k	112
w	65
e	50	 0 117 80 109 100 109
t	101
n	65
i	29	 0 117 80 109 100 109
t	101
_	55
_	55
_	1
O	24	 0 110 80 106 100 106
f	104
h	70
@	16	 0 111 80 107 100 107
t	111
G	65
a	55	 0 103 80 96 100 96
t	111
l	65
Y	48	 0 105 80 81 100 81
k	102
@	30	 0 84 80 78 100 78
n	120	100 73

_	301
_	1
_	1
I	21	 0 94 20 95 40 96 59 97 80 99 100 99
k	112
z	65
i	38	 0 117 80 109 100 109
v	65
e	55	 0 110 80 102 100 102
L	65
b	65
I	53	 0 103 80 96 100 96
r	65
@	25	 0 96 80 92 100 92
n	115	100 84

_	25
_	1
O	19	 0 96 80 92 100 92
p	67
d	65
@	22	 0 97 80 93 100 93
w	65
E	66	 0 102 80 76 100 76
x	122
_	301
_	1
